window.dashboardData = {"summary": {"stock": "中际旭创（300308.SZ）", "rows": 667, "train": 533, "test": 134, "up_ratio": 0.514, "date_start": "2023-09-26", "date_end": "2026-07-03", "features_count": 22, "model_count": 7, "best_model": "K近邻"}, "features_en": ["ret", "ret_1", "ret_2", "ret_3", "cumret_5", "cumret_10", "cumret_20", "ma_gap", "mom20", "mom60", "vol20", "vol60", "ATR14", "RSI14", "MACD", "MACD_signal", "MACD_hist", "BB_pos", "vol_chg5", "amount_chg5", "range", "close_pos"], "features_cn": ["对数收益", "滞后1日收益", "滞后2日收益", "滞后3日收益", "5日累计收益", "10日累计收益", "20日累计收益", "均线差", "20日动量", "60日动量", "20日波动率", "60日波动率", "ATR14", "RSI14", "MACD", "MACD信号线", "MACD柱", "布林带位置", "5日量能变化", "5日金额变化", "振幅", "收盘位置"], "correlation": [[1.0, 0.0087, 0.0167, -0.0235, 0.4651, 0.3103, 0.2488, 0.062, 0.4005, 0.2444, 0.0079, -0.0216, 0.0255, 0.2757, 0.0601, 0.0315, 0.147, 0.46, 0.1793, 0.2636, 0.2187, 0.6469], [0.0087, 1.0, 0.003, 0.0158, 0.4408, 0.3057, 0.2425, 0.1141, 0.3719, 0.2353, 0.0252, -0.0047, 0.0347, 0.2678, 0.0922, 0.0466, 0.2335, 0.3956, 0.0069, 0.1236, 0.0364, -0.0139], [0.0167, 0.003, 1.0, 0.0004, 0.4523, 0.3071, 0.2345, 0.1582, 0.3504, 0.2278, 0.0234, 0.0083, 0.0413, 0.2675, 0.1122, 0.062, 0.2598, 0.3442, 0.0212, 0.1393, 0.0212, 0.0176], [-0.0235, 0.0158, 0.0004, 1.0, 0.4369, 0.3128, 0.2287, 0.207, 0.3169, 0.2174, 0.0529, 0.0143, 0.0532, 0.262, 0.1298, 0.079, 0.2654, 0.2971, 0.0688, 0.1647, 0.1163, -0.039], [0.4651, 0.4408, 0.4523, 0.4369, 1.0, 0.7013, 0.5318, 0.3595, 0.7821, 0.511, 0.0948, 0.0126, 0.0887, 0.5837, 0.2377, 0.1357, 0.5291, 0.7766, 0.1888, 0.4084, 0.2281, 0.2881], [0.3103, 0.3057, 0.3071, 0.3128, 0.7013, 1.0, 0.7326, 0.5901, 0.9194, 0.6843, 0.2353, 0.0546, 0.1718, 0.793, 0.411, 0.2947, 0.6284, 0.812, 0.078, 0.2503, 0.3128, 0.2265], [0.2488, 0.2425, 0.2345, 0.2287, 0.5318, 0.7326, 1.0, 0.6308, 0.8641, 0.8724, 0.3861, 0.1251, 0.3024, 0.7606, 0.5743, 0.5026, 0.4457, 0.7093, -0.0048, 0.1283, 0.3316, 0.232], [0.062, 0.1141, 0.1582, 0.207, 0.3595, 0.5901, 0.6308, 1.0, 0.6181, 0.6511, 0.123, -0.0304, 0.618, 0.6107, 0.8966, 0.7957, 0.6428, 0.5295, -0.0238, 0.0594, 0.1722, 0.1261], [0.4005, 0.3719, 0.3504, 0.3169, 0.7821, 0.9194, 0.8641, 0.6181, 1.0, 0.7968, 0.2583, 0.0625, 0.2236, 0.8802, 0.4786, 0.3703, 0.6022, 0.8866, 0.0699, 0.2602, 0.3407, 0.2962], [0.2444, 0.2353, 0.2278, 0.2174, 0.511, 0.6843, 0.8724, 0.6511, 0.7968, 1.0, 0.3428, 0.1951, 0.4604, 0.7092, 0.6892, 0.6513, 0.3052, 0.6522, -0.0376, 0.0856, 0.3704, 0.2432], [0.0079, 0.0252, 0.0234, 0.0529, 0.0948, 0.2353, 0.3861, 0.123, 0.2583, 0.3428, 1.0, 0.5219, 0.1359, 0.1487, 0.1329, 0.1329, 0.0243, 0.1655, 0.0155, 0.0395, 0.3085, 0.0466], [-0.0216, -0.0047, 0.0083, 0.0143, 0.0126, 0.0546, 0.1251, -0.0304, 0.0625, 0.1951, 0.5219, 1.0, 0.0534, 0.0086, 0.0126, 0.0334, -0.0968, 0.0195, -0.034, -0.0298, 0.1877, 0.0062], [0.0255, 0.0347, 0.0413, 0.0532, 0.0887, 0.1718, 0.3024, 0.618, 0.2236, 0.4604, 0.1359, 0.0534, 1.0, 0.2477, 0.815, 0.8522, -0.0296, 0.2172, -0.0706, -0.0475, 0.1746, 0.0952], [0.2757, 0.2678, 0.2675, 0.262, 0.5837, 0.793, 0.7606, 0.6107, 0.8802, 0.7092, 0.1487, 0.0086, 0.2477, 1.0, 0.4946, 0.4065, 0.509, 0.8356, -0.0158, 0.1328, 0.2193, 0.2302], [0.0601, 0.0922, 0.1122, 0.1298, 0.2377, 0.411, 0.5743, 0.8966, 0.4786, 0.6892, 0.1329, 0.0126, 0.815, 0.4946, 1.0, 0.9795, 0.2789, 0.4194, -0.0556, 0.0002, 0.1901, 0.136], [0.0315, 0.0466, 0.062, 0.079, 0.1357, 0.2947, 0.5026, 0.7957, 0.3703, 0.6513, 0.1329, 0.0334, 0.8522, 0.4065, 0.9795, 1.0, 0.0795, 0.3215, -0.0707, -0.0366, 0.1844, 0.1145], [0.147, 0.2335, 0.2598, 0.2654, 0.5291, 0.6284, 0.4457, 0.6428, 0.6022, 0.3052, 0.0243, -0.0968, -0.0296, 0.509, 0.2789, 0.0795, 1.0, 0.5422, 0.0618, 0.1756, 0.0618, 0.1274], [0.46, 0.3956, 0.3442, 0.2971, 0.7766, 0.812, 0.7093, 0.5295, 0.8866, 0.6522, 0.1655, 0.0195, 0.2172, 0.8356, 0.4194, 0.3215, 0.5422, 1.0, 0.0958, 0.2705, 0.2503, 0.3326], [0.1793, 0.0069, 0.0212, 0.0688, 0.1888, 0.078, -0.0048, -0.0238, 0.0699, -0.0376, 0.0155, -0.034, -0.0706, -0.0158, -0.0556, -0.0707, 0.0618, 0.0958, 1.0, 0.9582, 0.4253, 0.1198], [0.2636, 0.1236, 0.1393, 0.1647, 0.4084, 0.2503, 0.1283, 0.0594, 0.2602, 0.0856, 0.0395, -0.0298, -0.0475, 0.1328, 0.0002, -0.0366, 0.1756, 0.2705, 0.9582, 1.0, 0.4566, 0.1496], [0.2187, 0.0364, 0.0212, 0.1163, 0.2281, 0.3128, 0.3316, 0.1722, 0.3407, 0.3704, 0.3085, 0.1877, 0.1746, 0.2193, 0.1901, 0.1844, 0.0618, 0.2503, 0.4253, 0.4566, 1.0, 0.1783], [0.6469, -0.0139, 0.0176, -0.039, 0.2881, 0.2265, 0.232, 0.1261, 0.2962, 0.2432, 0.0466, 0.0062, 0.0952, 0.2302, 0.136, 0.1145, 0.1274, 0.3326, 0.1198, 0.1496, 0.1783, 1.0]], "confusion_matrix": {"逻辑回归": [[26, 34], [40, 34]], "K近邻": [[31, 29], [29, 45]], "决策树": [[13, 47], [18, 56]], "随机森林": [[27, 33], [28, 46]], "SVM": [[5, 55], [5, 69]], "梯度提升": [[36, 24], [40, 34]], "多数类基线": [[0, 60], [0, 74]]}, "roc_data": {"逻辑回归": {"fpr": [0.0, 0.016666666666666666, 0.03333333333333333, 0.03333333333333333, 0.05, 0.05, 0.06666666666666667, 0.06666666666666667, 0.08333333333333333, 0.08333333333333333, 0.13333333333333333, 0.13333333333333333, 0.16666666666666666, 0.16666666666666666, 0.2, 0.2, 0.23333333333333334, 0.23333333333333334, 0.26666666666666666, 0.26666666666666666, 0.3, 0.3, 0.31666666666666665, 0.31666666666666665, 0.38333333333333336, 0.38333333333333336, 0.4, 0.4, 0.45, 0.45, 0.48333333333333334, 0.48333333333333334, 0.5, 0.5, 0.5166666666666667, 0.5166666666666667, 0.55, 0.55, 0.5833333333333334, 0.5833333333333334, 0.6, 0.6, 0.6333333333333333, 0.6333333333333333, 0.6666666666666666, 0.6666666666666666, 0.6833333333333333, 0.6833333333333333, 0.7333333333333333, 0.7333333333333333, 0.75, 0.75, 0.7666666666666667, 0.7666666666666667, 0.8, 0.8, 0.8166666666666667, 0.8166666666666667, 0.8333333333333334, 0.8333333333333334, 0.85, 0.85, 0.8666666666666667, 0.8666666666666667, 0.9166666666666666, 0.9166666666666666, 0.9333333333333333, 0.9333333333333333, 0.95, 0.95, 1.0], "tpr": [0.0, 0.0, 0.0, 0.013513513513513514, 0.013513513513513514, 0.02702702702702703, 0.02702702702702703, 0.05405405405405406, 0.05405405405405406, 0.0945945945945946, 0.0945945945945946, 0.13513513513513514, 0.13513513513513514, 0.16216216216216217, 0.16216216216216217, 0.17567567567567569, 0.17567567567567569, 0.1891891891891892, 0.1891891891891892, 0.24324324324324326, 0.24324324324324326, 0.25675675675675674, 0.25675675675675674, 0.28378378378378377, 0.28378378378378377, 0.3108108108108108, 0.3108108108108108, 0.32432432432432434, 0.32432432432432434, 0.33783783783783783, 0.33783783783783783, 0.35135135135135137, 0.35135135135135137, 0.40540540540540543, 0.40540540540540543, 0.44594594594594594, 0.44594594594594594, 0.4594594594594595, 0.4594594594594595, 0.5135135135135135, 0.5135135135135135, 0.5405405405405406, 0.5405405405405406, 0.581081081081081, 0.581081081081081, 0.5945945945945946, 0.5945945945945946, 0.6081081081081081, 0.6081081081081081, 0.6486486486486487, 0.6486486486486487, 0.6756756756756757, 0.6756756756756757, 0.7027027027027027, 0.7027027027027027, 0.7567567567567568, 0.7567567567567568, 0.7837837837837838, 0.7837837837837838, 0.8378378378378378, 0.8378378378378378, 0.8648648648648649, 0.8648648648648649, 0.918918918918919, 0.918918918918919, 0.9594594594594594, 0.9594594594594594, 0.972972972972973, 0.972972972972973, 1.0, 1.0], "auc": 0.4491}, "K近邻": {"fpr": [0.0, 0.05, 0.2, 0.48333333333333334, 0.85, 1.0, 1.0], "tpr": [0.0, 0.02702702702702703, 0.21621621621621623, 0.6081081081081081, 0.8783783783783784, 0.9864864864864865, 1.0], "auc": 0.5481}, "决策树": {"fpr": [0.0, 0.05, 0.18333333333333332, 0.45, 0.7833333333333333, 0.8333333333333334, 0.85, 1.0], "tpr": [0.0, 0.02702702702702703, 0.14864864864864866, 0.32432432432432434, 0.7567567567567568, 0.7972972972972973, 0.8378378378378378, 1.0], "auc": 0.4459}, "随机森林": {"fpr": [0.0, 0.016666666666666666, 0.016666666666666666, 0.03333333333333333, 0.03333333333333333, 0.06666666666666667, 0.06666666666666667, 0.08333333333333333, 0.08333333333333333, 0.1, 0.1, 0.11666666666666667, 0.11666666666666667, 0.13333333333333333, 0.13333333333333333, 0.16666666666666666, 0.16666666666666666, 0.18333333333333332, 0.18333333333333332, 0.25, 0.25, 0.2833333333333333, 0.2833333333333333, 0.3, 0.3, 0.31666666666666665, 0.31666666666666665, 0.36666666666666664, 0.36666666666666664, 0.38333333333333336, 0.38333333333333336, 0.4, 0.4, 0.4166666666666667, 0.4166666666666667, 0.45, 0.45, 0.4666666666666667, 0.4666666666666667, 0.5, 0.5, 0.5166666666666667, 0.5166666666666667, 0.5333333333333333, 0.5333333333333333, 0.55, 0.55, 0.6, 0.6, 0.65, 0.65, 0.7, 0.7, 0.7166666666666667, 0.7166666666666667, 0.7666666666666667, 0.7666666666666667, 0.7833333333333333, 0.7833333333333333, 0.8333333333333334, 0.8333333333333334, 0.85, 0.85, 0.8666666666666667, 0.8666666666666667, 0.9166666666666666, 0.9166666666666666, 0.9333333333333333, 0.9333333333333333, 0.95, 0.95, 0.9833333333333333, 0.9833333333333333, 1.0], "tpr": [0.0, 0.0, 0.013513513513513514, 0.013513513513513514, 0.05405405405405406, 0.05405405405405406, 0.06756756756756757, 0.06756756756756757, 0.08108108108108109, 0.08108108108108109, 0.10810810810810811, 0.10810810810810811, 0.12162162162162163, 0.12162162162162163, 0.21621621621621623, 0.21621621621621623, 0.2702702702702703, 0.2702702702702703, 0.28378378378378377, 0.28378378378378377, 0.32432432432432434, 0.32432432432432434, 0.33783783783783783, 0.33783783783783783, 0.35135135135135137, 0.35135135135135137, 0.4189189189189189, 0.4189189189189189, 0.44594594594594594, 0.44594594594594594, 0.5, 0.5, 0.5135135135135135, 0.5135135135135135, 0.527027027027027, 0.527027027027027, 0.5675675675675675, 0.5675675675675675, 0.581081081081081, 0.581081081081081, 0.5945945945945946, 0.5945945945945946, 0.6081081081081081, 0.6081081081081081, 0.6216216216216216, 0.6216216216216216, 0.6351351351351351, 0.6351351351351351, 0.6486486486486487, 0.6486486486486487, 0.6756756756756757, 0.6756756756756757, 0.6891891891891891, 0.6891891891891891, 0.7162162162162162, 0.7162162162162162, 0.7702702702702703, 0.7702702702702703, 0.7972972972972973, 0.7972972972972973, 0.8378378378378378, 0.8378378378378378, 0.8648648648648649, 0.8648648648648649, 0.8918918918918919, 0.8918918918918919, 0.9054054054054054, 0.9054054054054054, 0.918918918918919, 0.918918918918919, 0.9459459459459459, 0.9459459459459459, 1.0, 1.0], "auc": 0.5329}, "SVM": {"fpr": [0.0, 0.016666666666666666, 0.016666666666666666, 0.06666666666666667, 0.06666666666666667, 0.13333333333333333, 0.13333333333333333, 0.18333333333333332, 0.18333333333333332, 0.2, 0.2, 0.21666666666666667, 0.21666666666666667, 0.23333333333333334, 0.23333333333333334, 0.26666666666666666, 0.26666666666666666, 0.3, 0.3, 0.3333333333333333, 0.3333333333333333, 0.35, 0.35, 0.38333333333333336, 0.38333333333333336, 0.4, 0.4, 0.4166666666666667, 0.4166666666666667, 0.43333333333333335, 0.43333333333333335, 0.45, 0.45, 0.48333333333333334, 0.48333333333333334, 0.5, 0.5, 0.5333333333333333, 0.5333333333333333, 0.5666666666666667, 0.5666666666666667, 0.5833333333333334, 0.5833333333333334, 0.6333333333333333, 0.6333333333333333, 0.75, 0.75, 0.7833333333333333, 0.7833333333333333, 0.8, 0.8, 0.85, 0.85, 0.8666666666666667, 0.8666666666666667, 0.9, 0.9, 0.9333333333333333, 1.0], "tpr": [0.0, 0.0, 0.04054054054054054, 0.04054054054054054, 0.06756756756756757, 0.06756756756756757, 0.10810810810810811, 0.10810810810810811, 0.13513513513513514, 0.13513513513513514, 0.16216216216216217, 0.16216216216216217, 0.20270270270270271, 0.20270270270270271, 0.21621621621621623, 0.21621621621621623, 0.24324324324324326, 0.24324324324324326, 0.25675675675675674, 0.25675675675675674, 0.3108108108108108, 0.3108108108108108, 0.36486486486486486, 0.36486486486486486, 0.3783783783783784, 0.3783783783783784, 0.3918918918918919, 0.3918918918918919, 0.40540540540540543, 0.40540540540540543, 0.4189189189189189, 0.4189189189189189, 0.44594594594594594, 0.44594594594594594, 0.4594594594594595, 0.4594594594594595, 0.47297297297297297, 0.47297297297297297, 0.6216216216216216, 0.6216216216216216, 0.6351351351351351, 0.6351351351351351, 0.6621621621621622, 0.6621621621621622, 0.6891891891891891, 0.6891891891891891, 0.7027027027027027, 0.7027027027027027, 0.8378378378378378, 0.8378378378378378, 0.8513513513513513, 0.8513513513513513, 0.8648648648648649, 0.8648648648648649, 0.8918918918918919, 0.8918918918918919, 0.9054054054054054, 1.0, 1.0], "auc": 0.4937}, "梯度提升": {"fpr": [0.0, 0.016666666666666666, 0.016666666666666666, 0.08333333333333333, 0.08333333333333333, 0.11666666666666667, 0.11666666666666667, 0.13333333333333333, 0.13333333333333333, 0.16666666666666666, 0.16666666666666666, 0.23333333333333334, 0.23333333333333334, 0.25, 0.25, 0.2833333333333333, 0.2833333333333333, 0.31666666666666665, 0.31666666666666665, 0.3333333333333333, 0.3333333333333333, 0.4, 0.4, 0.4166666666666667, 0.4166666666666667, 0.43333333333333335, 0.43333333333333335, 0.4666666666666667, 0.4666666666666667, 0.48333333333333334, 0.48333333333333334, 0.5, 0.5, 0.5666666666666667, 0.5666666666666667, 0.5833333333333334, 0.5833333333333334, 0.6, 0.6, 0.6166666666666667, 0.6166666666666667, 0.7166666666666667, 0.7166666666666667, 0.7666666666666667, 0.7666666666666667, 0.7833333333333333, 0.7833333333333333, 0.85, 0.85, 0.8666666666666667, 0.8666666666666667, 0.8833333333333333, 0.8833333333333333, 0.9, 0.9, 0.9166666666666666, 0.9166666666666666, 0.95, 0.95, 0.9833333333333333, 0.9833333333333333, 1.0, 1.0], "tpr": [0.0, 0.0, 0.013513513513513514, 0.013513513513513514, 0.12162162162162163, 0.12162162162162163, 0.1891891891891892, 0.1891891891891892, 0.2702702702702703, 0.2702702702702703, 0.28378378378378377, 0.28378378378378377, 0.2972972972972973, 0.2972972972972973, 0.32432432432432434, 0.32432432432432434, 0.3918918918918919, 0.3918918918918919, 0.4189189189189189, 0.4189189189189189, 0.43243243243243246, 0.43243243243243246, 0.4594594594594595, 0.4594594594594595, 0.47297297297297297, 0.47297297297297297, 0.4864864864864865, 0.4864864864864865, 0.527027027027027, 0.527027027027027, 0.5540540540540541, 0.5540540540540541, 0.5945945945945946, 0.5945945945945946, 0.6216216216216216, 0.6216216216216216, 0.6756756756756757, 0.6756756756756757, 0.7027027027027027, 0.7027027027027027, 0.7432432432432432, 0.7432432432432432, 0.7702702702702703, 0.7702702702702703, 0.7972972972972973, 0.7972972972972973, 0.8108108108108109, 0.8108108108108109, 0.8243243243243243, 0.8243243243243243, 0.8378378378378378, 0.8378378378378378, 0.8513513513513513, 0.8513513513513513, 0.8648648648648649, 0.8648648648648649, 0.8783783783783784, 0.8783783783783784, 0.9054054054054054, 0.9054054054054054, 0.9324324324324325, 0.9324324324324325, 1.0], "auc": 0.5349}, "多数类基线": {"fpr": [0.0, 1.0], "tpr": [0.0, 1.0], "auc": 0.5}}, "metrics": [{"模型": "逻辑回归", "准确率": 0.4478, "精确率": 0.5, "召回率": 0.4595, "F1": 0.4789, "AUC": 0.4491, "CV_AUC均值": 0.5288, "CV_AUC_std": 0.0901}, {"模型": "K近邻", "准确率": 0.5672, "精确率": 0.6081, "召回率": 0.6081, "F1": 0.6081, "AUC": 0.5481, "CV_AUC均值": 0.5416, "CV_AUC_std": 0.0514}, {"模型": "决策树", "准确率": 0.5149, "精确率": 0.5437, "召回率": 0.7568, "F1": 0.6328, "AUC": 0.4459, "CV_AUC均值": 0.4849, "CV_AUC_std": 0.0493}, {"模型": "随机森林", "准确率": 0.5448, "精确率": 0.5823, "召回率": 0.6216, "F1": 0.6013, "AUC": 0.5329, "CV_AUC均值": 0.4939, "CV_AUC_std": 0.0497}, {"模型": "SVM", "准确率": 0.5522, "精确率": 0.5565, "召回率": 0.9324, "F1": 0.697, "AUC": 0.4937, "CV_AUC均值": 0.5308, "CV_AUC_std": 0.0399}, {"模型": "梯度提升", "准确率": 0.5224, "精确率": 0.5862, "召回率": 0.4595, "F1": 0.5152, "AUC": 0.5349, "CV_AUC均值": 0.4686, "CV_AUC_std": 0.0451}, {"模型": "多数类基线", "准确率": 0.5522, "精确率": 0.5522, "召回率": 1.0, "F1": 0.7115, "AUC": 0.5, "CV_AUC均值": 0.5, "CV_AUC_std": 0.0}], "feat_imp": {"随机森林": {"features_en": ["close_pos", "cumret_20", "ret_2", "cumret_10", "ret_1", "ret_3", "amount_chg5", "cumret_5", "ret", "vol_chg5", "RSI14", "ma_gap", "vol60", "ATR14", "range"], "features_cn": ["收盘位置", "20日累计收益", "滞后2日收益", "10日累计收益", "滞后1日收益", "滞后3日收益", "5日金额变化", "5日累计收益", "对数收益", "5日量能变化", "RSI14", "均线差", "60日波动率", "ATR14", "振幅"], "values": [0.067, 0.0568, 0.0543, 0.0518, 0.0501, 0.049, 0.0489, 0.048, 0.0467, 0.0458, 0.0449, 0.0447, 0.0443, 0.0416, 0.0413]}, "梯度提升": {"features_en": ["ret_2", "cumret_20", "amount_chg5", "RSI14", "cumret_10", "close_pos", "ma_gap", "ret_1", "cumret_5", "MACD_hist", "vol_chg5", "ATR14", "ret", "range", "ret_3"], "features_cn": ["滞后2日收益", "20日累计收益", "5日金额变化", "RSI14", "10日累计收益", "收盘位置", "均线差", "滞后1日收益", "5日累计收益", "MACD柱", "5日量能变化", "ATR14", "对数收益", "振幅", "滞后3日收益"], "values": [0.1022, 0.0835, 0.0745, 0.0578, 0.0538, 0.0517, 0.0477, 0.0474, 0.0465, 0.0459, 0.0455, 0.0442, 0.0442, 0.0435, 0.0398]}}, "backtest": {"dates": ["2025-12-11", "2025-12-12", "2025-12-15", "2025-12-16", "2025-12-17", "2025-12-18", "2025-12-19", "2025-12-22", "2025-12-23", "2025-12-24", "2025-12-25", "2025-12-26", "2025-12-29", "2025-12-30", "2025-12-31", "2026-01-05", "2026-01-06", "2026-01-07", "2026-01-08", "2026-01-09", "2026-01-12", "2026-01-13", "2026-01-14", "2026-01-15", "2026-01-16", "2026-01-19", "2026-01-20", "2026-01-21", "2026-01-22", "2026-01-23", "2026-01-26", "2026-01-27", "2026-01-28", "2026-01-29", "2026-01-30", "2026-02-02", "2026-02-03", "2026-02-04", "2026-02-05", "2026-02-06", "2026-02-09", "2026-02-10", "2026-02-11", "2026-02-12", "2026-02-13", "2026-02-24", "2026-02-25", "2026-02-26", "2026-02-27", "2026-03-02", "2026-03-03", "2026-03-04", "2026-03-05", "2026-03-06", "2026-03-09", "2026-03-10", "2026-03-11", "2026-03-12", "2026-03-13", "2026-03-16", "2026-03-17", "2026-03-18", "2026-03-19", "2026-03-20", "2026-03-23", "2026-03-24", "2026-03-25", "2026-03-26", "2026-03-27", "2026-03-30", "2026-03-31", "2026-04-01", "2026-04-02", "2026-04-03", "2026-04-07", "2026-04-08", "2026-04-09", "2026-04-10", "2026-04-13", "2026-04-14", "2026-04-15", "2026-04-16", "2026-04-17", "2026-04-20", "2026-04-21", "2026-04-22", "2026-04-23", "2026-04-24", "2026-04-27", "2026-04-28", "2026-04-29", "2026-04-30", "2026-05-06", "2026-05-07", "2026-05-08", "2026-05-11", "2026-05-12", "2026-05-13", "2026-05-14", "2026-05-15", "2026-05-18", "2026-05-19", "2026-05-20", "2026-05-21", "2026-05-22", "2026-05-25", "2026-05-26", "2026-05-27", "2026-05-28", "2026-05-29", "2026-06-01", "2026-06-02", "2026-06-03", "2026-06-04", "2026-06-05", "2026-06-08", "2026-06-09", "2026-06-10", "2026-06-11", "2026-06-12", "2026-06-15", "2026-06-16", "2026-06-17", "2026-06-18", "2026-06-22", "2026-06-23", "2026-06-24", "2026-06-25", "2026-06-26", "2026-06-29", "2026-06-30", "2026-07-01", "2026-07-02"], "strategy_nav": [100.0, 98.08261617900172, 98.08261617900172, 104.8833480584405, 101.53907613657982, 101.53907613657982, 109.68782274084714, 110.31054355121692, 110.31054355121692, 111.25098708638674, 109.0217875956138, 107.45438170366408, 109.89256864669699, 106.06113202193102, 108.41398242195774, 105.23389002340198, 107.73303164001071, 103.52715916327897, 103.52715916327897, 105.0866459132995, 103.98237992497252, 103.98237992497252, 109.60656202834687, 108.19788181382275, 108.19788181382275, 104.52864016422248, 103.9737792318439, 103.9737792318439, 103.9737792318439, 103.9737792318439, 103.9737792318439, 106.07152550987003, 106.07152550987003, 112.1552558218092, 102.11666810936333, 102.11666810936333, 96.96486745903532, 97.31005544873743, 97.31005544873743, 102.00034921055669, 100.14445160195385, 95.84772367542195, 95.0443438740326, 95.6834370194075, 99.83573711647614, 99.83573711647614, 99.83573711647614, 99.83573711647614, 99.83573711647614, 98.64734163621047, 94.30040831606475, 97.45544056455762, 97.45544056455762, 93.9669624999763, 93.9669624999763, 93.9669624999763, 93.9669624999763, 95.23792815986732, 98.7022777702074, 98.7022777702074, 98.7022777702074, 98.7022777702074, 105.02802458654949, 105.02802458654949, 105.65438195478643, 110.07748258594961, 107.58608913245824, 107.58608913245824, 105.97860518763156, 102.4338507936023, 108.28350649417114, 108.28350649417114, 112.85340594208348, 112.85340594208348, 125.37158967074072, 126.26196624260848, 133.85753523581647, 134.4687568578978, 134.4687568578978, 134.4687568578978, 134.4687568578978, 134.4687568578978, 134.4687568578978, 134.4687568578978, 134.4687568578978, 134.4687568578978, 134.4687568578978, 134.4687568578978, 134.4687568578978, 134.4687568578978, 134.4687568578978, 134.4687568578978, 137.8414720561911, 137.8414720561911, 146.2628703433261, 158.37611753779007, 163.23168451620282, 167.71231024444018, 167.71231024444018, 167.71231024444018, 167.71231024444018, 167.71231024444018, 167.71231024444018, 175.24918334862588, 184.5385820536504, 186.22694968451637, 187.64011339155115, 202.2647538101122, 202.2647538101122, 202.2647538101122, 213.32845684816797, 228.21908062645403, 228.21908062645403, 228.21908062645403, 223.3838896369869, 228.22101470284989, 221.83856259675326, 217.3901868864435, 217.3901868864435, 217.3901868864435, 217.3901868864435, 222.27066268270667, 238.25500471779142, 240.77188106525762, 240.77188106525762, 241.17071388478695, 243.23288173507217, 230.45736593531032, 224.22858978146297, 224.22858978146297, 215.9603812307024, 215.9603812307024, 215.9603812307024], "buyhold_nav": [99.17891466516448, 97.27727420153293, 94.02195251019955, 100.54113108345713, 97.33531349755043, 97.42066540345849, 105.23889998463669, 105.8363633259931, 108.12379440432909, 109.04559498813613, 106.86058619688983, 105.32425189054477, 107.71410525597042, 103.95862139601584, 106.26482989365158, 103.14777828988926, 105.59737798945056, 101.47488093409132, 99.38375923934387, 100.88083166897121, 99.82076099759311, 101.05665659514183, 106.5225926494939, 105.15354807872865, 103.1904542428433, 99.69102610061287, 99.16184428398292, 105.83636332599313, 99.69102610061287, 100.51040439733023, 104.91456274218609, 107.03129000870595, 104.6158310715079, 110.61607005684444, 100.71524897150961, 100.49333401614867, 95.42343080520995, 95.76313139072403, 92.01106160700576, 96.44594663798851, 94.69111145251881, 90.6283607312952, 89.86872876871348, 90.47302026254253, 94.39920793431325, 96.45960294293381, 97.50943138560294, 90.98513169799091, 97.22947713422452, 96.07210529011122, 91.8386507570715, 94.91131936976163, 92.94481145763996, 89.61779416534381, 93.20428125160043, 94.51528652634822, 91.1216947474438, 92.35417626875616, 95.71362728529736, 92.52146600433595, 98.83750704153232, 98.01812874481496, 104.3000290196481, 102.18671582936456, 102.7961284375481, 107.09957153343244, 104.67557740564357, 101.91017565422247, 100.38749765282269, 97.02975367439963, 102.57079940595082, 99.17891466516456, 103.36457213089577, 105.58542872262346, 117.29741725132732, 118.13045185298998, 125.236851538895, 125.80870930847898, 131.7833427220431, 132.9748553285196, 138.03280927263117, 145.0982400437003, 144.92753623188418, 147.46419487547166, 151.17870982059037, 152.9506153872417, 151.24187023096235, 146.12758402895145, 140.6599409364812, 144.24472098461968, 146.37851863232115, 146.12246291459695, 149.787473754289, 151.24357726908048, 160.48377460268694, 173.7747733906899, 179.1024393574709, 184.01870913777506, 179.21681091138765, 178.38548334784318, 175.82492617060143, 177.01985285331426, 169.56692442942258, 177.1871425888941, 186.5792663150169, 188.28630443317806, 189.71509533807895, 204.50145951759114, 198.21443812840351, 192.89530735221325, 203.44650996056748, 217.64736006555037, 218.50087912463096, 201.42879090490104, 197.16119560949807, 201.43049794301922, 195.79727215308733, 191.87108448131661, 196.13867977671958, 212.5262457110669, 213.0537204895787, 217.8368412966663, 233.50233010703144, 235.96900018777433, 223.6237005172327, 223.9941277888737, 225.90942455745054, 214.04380259811217, 208.2586504156639, 216.79384100646982, 208.79978149912102, 195.1144569058228, 190.50545398678764], "strategy_return": 115.96, "buyhold_return": 90.51, "best_model": "K近邻"}, "pca_scatter": [{"x": -0.08480047325427156, "y": -2.2633532148242947, "label": 1}, {"x": 0.29230256943970395, "y": -1.8340326845130086, "label": 1}, {"x": 0.43492671033883273, "y": -1.9121753484728052, "label": 0}, {"x": -0.4170752948824338, "y": -0.4254437196592013, "label": 0}, {"x": -0.9052395302628332, "y": -0.21012327751590795, "label": 1}, {"x": -0.8702188452147661, "y": -0.08055148762864264, "label": 0}, {"x": -1.4567659380989342, "y": 0.18346871029385692, "label": 0}, {"x": -2.0102284643210844, "y": 0.30440797674023956, "label": 0}, {"x": -2.7021190713415, "y": 0.8884435044713597, "label": 1}, {"x": -2.2888503663442687, "y": 0.21382268094806492, "label": 0}, {"x": -2.657873497850209, "y": 0.06073303820933774, "label": 0}, {"x": -3.352925417718196, "y": 0.6882998478727894, "label": 0}, {"x": -3.6880416837764165, "y": 0.6063516017993712, "label": 1}, {"x": -2.7030184916460582, "y": -0.6919495726301418, "label": 0}, {"x": -2.633729027941812, "y": -1.190192804841693, "label": 0}, {"x": -3.8747001618525503, "y": 0.42297376913677853, "label": 1}, {"x": -3.536505510921068, "y": -0.20703540410927562, "label": 0}, {"x": -3.6535995878349654, "y": 0.2347518554018362, "label": 1}, {"x": -3.843960060215446, "y": 0.13532876706587782, "label": 0}, {"x": -3.940258863120047, "y": 0.45798249586235973, "label": 0}, {"x": -4.325678680070817, "y": 0.5704115518837458, "label": 1}, {"x": -4.026989424270509, "y": 0.041498980605577794, "label": 1}, {"x": -3.007608356073815, "y": -1.053913315291916, "label": 1}, {"x": -2.370079391494225, "y": -1.5418101000142106, "label": 1}, {"x": 0.25103783248194333, "y": -3.0380883131347516, "label": 0}, {"x": -0.6735899372368271, "y": -2.230014719921389, "label": 1}, {"x": 0.3603687365308176, "y": -2.6717480691616347, "label": 1}, {"x": 0.17165208075392688, "y": -1.7517036429126887, "label": 1}, {"x": 0.5477899088931936, "y": -1.9912689081619004, "label": 1}, {"x": 0.6783431759750854, "y": -1.3961823742253185, "label": 0}, {"x": 0.750091627727003, "y": -1.5472922483015135, "label": 0}, {"x": -0.5710397681318277, "y": -0.4024694893260085, "label": 1}, {"x": 0.7392769321672124, "y": -1.4996524132748843, "label": 0}, {"x": -0.30725274279785897, "y": -0.6037356062542293, "label": 1}, {"x": -0.2981389697126483, "y": -0.8323840433918253, "label": 0}, {"x": -1.1773471962885813, "y": -0.2623754980004686, "label": 1}, {"x": -1.2098977954220993, "y": -0.42325298695579344, "label": 0}, {"x": -2.2259060749815367, "y": 0.63722699761503, "label": 1}, {"x": -1.5409493466774327, "y": -0.36236771554966674, "label": 0}, {"x": -2.3230299652445012, "y": 0.4092264286203709, "label": 0}, {"x": -2.2761763998504208, "y": 0.20699904246812167, "label": 1}, {"x": -2.1051011255391945, "y": -0.2106470696659584, "label": 1}, {"x": -0.6415643470341063, "y": -1.9769226166165357, "label": 1}, {"x": -0.5503037891011238, "y": -1.486739231396684, "label": 0}, {"x": -1.173115576036572, "y": -1.5659372007756047, "label": 0}, {"x": -0.9319109596531888, "y": -1.3225128697263846, "label": 1}, {"x": -0.10352107484541617, "y": -2.6228331066002815, "label": 1}, {"x": 2.6155382120826705, "y": -3.073763392837254, "label": 1}, {"x": 2.3259138344988237, "y": -2.6652782041249785, "label": 0}, {"x": 1.7509332051400677, "y": -2.2218071025504953, "label": 0}, {"x": 0.872227221516001, "y": -1.3924443213306001, "label": 0}, {"x": 0.5033073714818267, "y": -0.5943557661728311, "label": 0}, {"x": -0.5913334544444994, "y": 0.45951970956486154, "label": 1}, {"x": 0.22993303504388554, "y": -0.3442570364913549, "label": 0}, {"x": 0.14005726116586784, "y": -0.2652349403160127, "label": 0}, {"x": -0.3789720471193437, "y": -0.3722334623352192, "label": 1}, {"x": 0.6257021548793994, "y": -1.0661194998090606, "label": 0}, {"x": -0.7093270451845203, "y": -0.22435007338425583, "label": 1}, {"x": -0.7613397702291732, "y": -0.06886711676356413, "label": 0}, {"x": -1.3448495337390618, "y": 0.11375935726175336, "label": 1}, {"x": -1.718936722063926, "y": 0.39258574310885513, "label": 1}, {"x": -1.5083395713298655, "y": 0.06308673616149456, "label": 1}, {"x": -0.7077987068266413, "y": -0.724275317947532, "label": 0}, {"x": -1.4034824148449365, "y": -0.27678050557724887, "label": 0}, {"x": -2.1777121770352914, "y": 0.19643897716226957, "label": 0}, {"x": -2.3090767370146383, "y": 0.017412905853069954, "label": 0}, {"x": -3.2736920710213084, "y": 1.0049960124104926, "label": 0}, {"x": -3.8927166490295306, "y": 0.9894551747085115, "label": 1}, {"x": -3.152941968629954, "y": -0.21740376273061957, "label": 0}, {"x": -3.040262286493532, "y": 0.2331358433960861, "label": 1}, {"x": -2.119075899968476, "y": -0.8953191357752894, "label": 0}, {"x": -2.706517296099482, "y": -0.17600474111322792, "label": 1}, {"x": -2.310918299957237, "y": -0.6222980347798313, "label": 0}, {"x": -2.6008927067167678, "y": -0.37554137823673395, "label": 0}, {"x": -2.794098439293639, "y": -0.5582171821722237, "label": 1}, {"x": 0.2898804691456203, "y": -2.4876216998988987, "label": 1}, {"x": -0.18600264563281735, "y": -2.7332061965504812, "label": 1}, {"x": 0.23607655298239508, "y": -3.0655054432595277, "label": 1}, {"x": 0.8452833718535981, "y": -2.7387170480446765, "label": 0}, {"x": 0.6505285870692317, "y": -2.2481576416326354, "label": 1}, {"x": 1.1396921825438335, "y": -1.8083610436594328, "label": 0}, {"x": 0.3837845003415774, "y": -1.1759918493453678, "label": 0}, {"x": -0.9291327148076084, "y": 0.11409139347713754, "label": 0}, {"x": -2.2576019509543617, "y": 0.896515722348324, "label": 1}, {"x": -1.7082427353749365, "y": 0.25041041461623836, "label": 1}, {"x": -0.1612234390026408, "y": -0.6085063611850248, "label": 0}, {"x": -0.6427640204642983, "y": -0.5615624744175189, "label": 1}, {"x": 0.21044288549011442, "y": -0.8948419023773438, "label": 1}, {"x": 2.838771486825719, "y": -2.869627776066744, "label": 0}, {"x": 1.6637359476065943, "y": -1.5807155040029148, "label": 1}, {"x": 1.8431935063107432, "y": -1.3373104555582742, "label": 1}, {"x": 5.9557086603447855, "y": -3.494131515483899, "label": 1}, {"x": 6.2185627513002535, "y": -3.067916453139527, "label": 0}, {"x": 4.405518797084172, "y": -1.5169991222834087, "label": 1}, {"x": 5.004324468608124, "y": -1.950353250936057, "label": 0}, {"x": 3.1406983718933086, "y": -0.38405355628547433, "label": 1}, {"x": 2.6534493926162424, "y": 0.37982015514262535, "label": 1}, {"x": 4.364175055757918, "y": -0.49875883064401394, "label": 0}, {"x": 2.1543382362766725, "y": 1.093915611506367, "label": 1}, {"x": 2.5661467630026285, "y": 0.5115938091779907, "label": 1}, {"x": 3.0807663085799093, "y": 0.22852025882066646, "label": 1}, {"x": 2.98788038476505, "y": 0.05718339196211292, "label": 1}, {"x": 3.29876845380233, "y": 0.2056504929291974, "label": 0}, {"x": 2.934406215914486, "y": 0.4562784912117351, "label": 0}, {"x": 2.124841189574769, "y": 1.0678007562333445, "label": 1}, {"x": 3.0755528629774886, "y": 0.16016898010310454, "label": 0}, {"x": 2.1288726690658617, "y": 0.8430773812447707, "label": 0}, {"x": 1.2314224221618355, "y": 1.4613622382047915, "label": 1}, {"x": 0.8071343412575183, "y": 1.0995654819578349, "label": 1}, {"x": 1.4268859239920948, "y": 0.634766856153531, "label": 1}, {"x": 2.168415285338309, "y": 0.23453200175768577, "label": 1}, {"x": 1.4606371462500802, "y": -0.01301285373763211, "label": 0}, {"x": 0.7953773989155352, "y": 0.3359888742336965, "label": 0}, {"x": 0.2599474574267497, "y": 0.7007906209385004, "label": 0}, {"x": -0.40458409795410455, "y": 1.127599435944218, "label": 0}, {"x": -0.8944486653541879, "y": 1.452556124422257, "label": 0}, {"x": -0.9793340918357657, "y": 1.3664192070504304, "label": 0}, {"x": -1.1815778494950764, "y": 1.0605003458296347, "label": 0}, {"x": -2.337790900773347, "y": 1.6732723788553472, "label": 1}, {"x": -2.549944317618701, "y": 1.363703225174092, "label": 1}, {"x": -2.445103730882141, "y": 1.1639409435093004, "label": 1}, {"x": -1.3456826219679874, "y": 0.25246756259510456, "label": 0}, {"x": -1.5108669382809514, "y": 0.7027853306988653, "label": 0}, {"x": -2.312666408102344, "y": 1.1105046601062634, "label": 1}, {"x": -0.7634356749853362, "y": -0.12579206548256278, "label": 1}, {"x": -1.2125186278435596, "y": -0.13353180549818333, "label": 0}, {"x": -1.9446279176366892, "y": 0.7149898910751366, "label": 1}, {"x": -1.7809702468020365, "y": 0.5054024910733704, "label": 1}, {"x": 0.06048912010045016, "y": -1.3661376007222688, "label": 1}, {"x": -0.5019243942088096, "y": -0.10500475001376156, "label": 0}, {"x": -0.6858760410607233, "y": -0.29312380518989073, "label": 1}, {"x": 0.734929055094319, "y": -1.4155564025674048, "label": 0}, {"x": 0.40562068649867666, "y": -0.9074033682848632, "label": 0}, {"x": 0.04004791120267317, "y": -0.18831533712332332, "label": 0}, {"x": -1.3127029693520775, "y": -0.08677508894242787, "label": 0}, {"x": -1.9471598902772558, "y": 0.5406753732670952, "label": 1}, {"x": -0.32398537807257705, "y": -0.39126829413862496, "label": 0}, {"x": -1.2459759794649685, "y": 0.3986616970928832, "label": 1}, {"x": 2.0712663946615755, "y": -2.0600167675272307, "label": 1}, {"x": 1.7485349234077605, "y": -1.0145043578966944, "label": 0}, {"x": 1.4366991912344165, "y": -0.5612328655376749, "label": 0}, {"x": 0.8913786019321609, "y": -0.06491274726106173, "label": 0}, {"x": 0.42719419135362763, "y": -0.5738134720544616, "label": 0}, {"x": -0.8354395307077025, "y": 1.1956528781692621, "label": 0}, {"x": -0.7317432397279862, "y": 0.737704067244228, "label": 0}, {"x": -1.051305281577041, "y": 0.626004600220514, "label": 1}, {"x": -1.2910622041544975, "y": 0.7607867098513283, "label": 0}, {"x": -1.8117569394439703, "y": 1.2267303072976827, "label": 1}, {"x": -1.7884559934340463, "y": 0.5637662956691982, "label": 1}, {"x": -1.4707986561498143, "y": 0.04381878822697363, "label": 1}, {"x": -1.1905603679755725, "y": -0.17482518219561147, "label": 1}, {"x": -0.2776084713942647, "y": -1.2468171927632807, "label": 1}, {"x": -0.9785338626901244, "y": -0.3690231474293824, "label": 0}, {"x": -1.6072495693282005, "y": -0.14246438789368687, "label": 1}, {"x": -1.175875234399468, "y": -0.3859961419464593, "label": 0}, {"x": -2.1074201791852176, "y": 0.14011311847521113, "label": 1}, {"x": -2.167235847293096, "y": 0.21181361485151587, "label": 0}, {"x": -2.7919110094692106, "y": -0.13902200357431027, "label": 0}, {"x": -3.244669139442599, "y": -0.07473593082235593, "label": 0}, {"x": -3.3823027422704386, "y": 0.3155875775055156, "label": 0}, {"x": -3.43352498528514, "y": 0.30811233106932095, "label": 1}, {"x": -1.3220045527562063, "y": -1.7271713083792466, "label": 1}, {"x": -0.9896963106766244, "y": -1.3511482059179067, "label": 0}, {"x": -1.821872565271682, "y": -0.6431302779275749, "label": 1}, {"x": -0.05645262849865346, "y": -3.502856622824261, "label": 0}, {"x": -1.42634232775482, "y": -1.2980452922585368, "label": 0}, {"x": -2.0208665937281216, "y": -0.08713068825481486, "label": 1}, {"x": -1.7659591699734918, "y": -0.31309840763688174, "label": 1}, {"x": -0.6621091500919722, "y": -1.8621299080625895, "label": 1}, {"x": 2.2104800800418225, "y": -2.7286032419052124, "label": 1}, {"x": 2.1888620304902515, "y": -2.621309845839656, "label": 1}, {"x": 2.963688297920835, "y": -3.318848362475406, "label": 0}, {"x": 2.443827263700738, "y": -2.573992747988862, "label": 0}, {"x": 1.6617569655965723, "y": -1.1404817558805034, "label": 0}, {"x": 1.1144901652499777, "y": -0.37435905032219885, "label": 0}, {"x": 0.5281893205868875, "y": 0.03043795790963594, "label": 0}, {"x": -0.3797864644796954, "y": 0.348974735974838, "label": 1}, {"x": 0.4469046237519288, "y": -0.5965024484611762, "label": 0}, {"x": -0.5056000208427964, "y": 0.26604767137599716, "label": 1}, {"x": -0.2271985368307977, "y": -0.1398213629615051, "label": 1}, {"x": 1.0678933736518148, "y": -1.2951668184801166, "label": 1}, {"x": 0.5542880295967191, "y": -0.7357054009869012, "label": 0}, {"x": 0.11990457385832547, "y": -0.25550868510224867, "label": 0}, {"x": -0.2906234547911793, "y": -0.3605406864647253, "label": 0}, {"x": -0.6649351317910821, "y": -0.07781198878453517, "label": 1}, {"x": -0.5803478881872222, "y": -0.10005548401444936, "label": 1}, {"x": 1.49472921673362, "y": -1.6284238526560402, "label": 1}, {"x": 1.6403844547191497, "y": -2.011563900576842, "label": 0}, {"x": 1.1573684439012228, "y": -1.5598306506142408, "label": 0}, {"x": 0.2499492713650358, "y": -1.0275799255955114, "label": 0}, {"x": -0.16758401005830204, "y": -0.5281447833495956, "label": 0}, {"x": -0.7785471363837975, "y": -0.10119031230921628, "label": 0}, {"x": -1.6745262315850646, "y": 0.2915407995315219, "label": 0}, {"x": -1.6427944864612452, "y": 0.07569627673080467, "label": 0}, {"x": -2.9049617586148546, "y": 0.7522297045873321, "label": 0}, {"x": -2.8318610137308893, "y": 0.43342050732799564, "label": 0}, {"x": -3.493781425499917, "y": 1.0518805254543897, "label": 0}, {"x": -3.490722507415112, "y": 0.7777878201417353, "label": 0}, {"x": -4.234335079016404, "y": 0.9570673759989184, "label": 1}, {"x": -3.8499141395703735, "y": 0.33587498533910043, "label": 1}, {"x": -3.059726348786604, "y": -0.53195111214363, "label": 0}, {"x": -3.6304313886174393, "y": 0.07786647331608858, "label": 1}, {"x": -2.6595702989694554, "y": -0.9562968901966634, "label": 1}, {"x": -2.7699536640368105, "y": -0.5052974269897269, "label": 0}, {"x": -3.8634900187413534, "y": -0.05297429185406042, "label": 0}, {"x": -4.738815630110177, "y": 0.6497205574154099, "label": 1}, {"x": -4.180569991734285, "y": -0.4373841458904163, "label": 0}, {"x": -4.614564693592772, "y": 0.7268060553005959, "label": 0}, {"x": -4.54374586487879, "y": 0.5663173186004351, "label": 1}, {"x": -3.973013598071207, "y": 0.07988344662616292, "label": 1}, {"x": -3.6580564865908483, "y": 0.034651300072734266, "label": 1}, {"x": -2.8053489317618485, "y": -0.7359923471670342, "label": 0}, {"x": -2.8229790026057096, "y": -0.7352450109836343, "label": 0}, {"x": -2.8197026515465864, "y": -0.6325620622319833, "label": 1}, {"x": -1.8305406393866257, "y": -1.4071876101753718, "label": 1}, {"x": -1.3345653271533997, "y": -1.5704351297435575, "label": 1}, {"x": -1.6175825010838403, "y": -0.9439540913737531, "label": 1}, {"x": -1.2522723682693093, "y": -1.1914307602406768, "label": 0}, {"x": -1.248000255031087, "y": -1.1477407836627966, "label": 0}, {"x": -1.379959910904048, "y": -0.7628701709593304, "label": 0}, {"x": -2.112778331561328, "y": -0.765786337616891, "label": 0}, {"x": -2.6258130518230076, "y": -0.43338369372920005, "label": 0}, {"x": -2.636843502568303, "y": -0.551353559550256, "label": 0}, {"x": -3.042333009847217, "y": -1.9629041158637126, "label": 1}, {"x": -2.8152208112034622, "y": -1.7224689523171763, "label": 0}, {"x": -4.01874140030793, "y": 0.29304656350581076, "label": 1}, {"x": -3.6873559911084377, "y": -0.2935211265596985, "label": 0}, {"x": -3.6550392004942123, "y": -1.1230856798926825, "label": 0}, {"x": -4.233255285027649, "y": 0.16839381477317727, "label": 0}, {"x": -4.723423806417541, "y": 0.28361595108514764, "label": 1}, {"x": -3.588106655246772, "y": -0.896019745991832, "label": 1}, {"x": -2.3225766925309665, "y": -2.81197268116302, "label": 0}, {"x": -2.9096508194819917, "y": -0.9955135895099841, "label": 1}, {"x": -2.228765048750712, "y": -1.7522384437440868, "label": 1}, {"x": 0.04245360794295837, "y": -3.9985389312540325, "label": 0}, {"x": -1.1392312079521671, "y": -1.7052990984635297, "label": 0}, {"x": -1.3949459253220544, "y": -1.2784067101060785, "label": 0}, {"x": -1.6460353419987148, "y": -1.1597144155411658, "label": 0}, {"x": -1.8707647101962752, "y": -0.7986532957208943, "label": 1}, {"x": 1.3434457234722341, "y": -2.448338521811965, "label": 0}, {"x": 0.8617111524235609, "y": -2.8022622029724085, "label": 1}, {"x": 2.388142064820907, "y": -2.9373687260873296, "label": 1}, {"x": 3.4486868377211954, "y": -4.934971640749217, "label": 1}, {"x": 7.0508711078861355, "y": -7.828817922305885, "label": 1}, {"x": 9.388599354965745, "y": -5.693346934589259, "label": 0}, {"x": 6.900392581196204, "y": -3.1890586124417695, "label": 0}, {"x": 5.876755210397357, "y": -1.9668824479759666, "label": 0}, {"x": 4.717063037396629, "y": 0.04413939615448609, "label": 1}, {"x